DV_UP_Conversions
%Characterization Factors%

%!!!!LOOK up Corn Steep Liquor as a replacement for Yeast Extract!!!

%Electricity - Each unit will be adjusted according to US average consumption - per kHhr
CF_electricity_coal=[3.50305829860939E-08; 1.24001506140865; 0.0710342598317664; 0.00433435599762096; 0.00575586809105822; 7.3103459552167E-08; 2.29116025884469E-07; 0.000218735810995028; 6.29525217719419; 0.24016083896037];
CF_electricity_naturalgas=[8.91970430276548E-08; 0.482930858996854; 0.0117401118987212; 0.00176612380855588; 0.000140354664298932; 3.67664738964964E-09; 1.51839898393657E-08; 0.000123964023029699; 0.393915470388282; 1.26565955568638];
CF_electricity_nuclear=[1.14194835457258E-07; 0.0156876006134535; 0.00120432949713265; 9.85088898957455E-05; 7.60466990281138E-05; 3.46722309053913E-09; 4.02852909415873E-08; 3.41512556026401E-05; 0.465424066571524; 0.016272926568562];
CF_electricity_hydro=[4.45672034733315E-10; 0.00448125951895155; 0.000392266103114784; 2.13707522508872E-05; 1.40967477166393E-05; 1.30909324292434E-09; 2.22699316404353E-09; 8.66409447846979E-06; 0.266056713383284; 0.00402555382631075];
CF_electricity_biomass=[5.77551666932098E-07; 0.941408547874136; 0.0322970531846981; 0.00326092862539196; 0.0791851502732522; 9.63676851987742E-08; 2.07483066963569E-06; 0.00040586169600992; 115.573496179878; 0.776541160925914];
CF_electricity_geothermal=[3.97103834280662E-08; 0.0626569724910425; 0.011468772708039; 0.000488171206897453; 0.000198046317035344; 1.33254027088482E-08; 2.1238526636746E-08; 9.00958621947426E-05; 0.875800701168206; 0.102287845731133];
CF_electricity_solar=[1.25771671475686E-08; 0.059679991566002; 0.00372316267887725; 0.000416075491329852; 0.000400647140049528; 8.89676431025035E-09; 4.40572446498115E-08; 6.27858091742356E-05; 2.83502085385435; 0.0593981629446904];
CF_electricity_wind=[3.07428707441578E-09; 0.0252046683653912; 0.00182124915772842; 0.000204102208153603; 0.000319792337547154; 9.35511421197721E-09; 6.8579953925188E-08; 3.47218163566917E-05; 14.6648145377685; 0.0244526803238688];
CF_electricity_oil=[2.28914091466625E-07; 0.968827776635004; 0.0793529787797669; 0.00770622094222813; 0.000683661673873428; 5.71763957865917E-09; 3.29087375731801E-08; 0.000521036654547144; 1.14201950530495; 2.03043970564528];
CF_electricity_average_US=CF_electricity_coal*Electricity_Coal_US+CF_electricity_naturalgas*Electricity_NaturalGas_US+CF_electricity_nuclear*Electricity_Nuclear_US+CF_electricity_hydro*Electricity_Hydropower_US+CF_electricity_biomass*Electricity_Biomass_US+CF_electricity_geothermal*Electricity_Geothermal_US+CF_electricity_solar*Electricity_Solar_US+CF_electricity_wind*Electricity_Wind_US+CF_electricity_oil*Electricity_Petroleum_US+CF_electricity_naturalgas*Electricity_OtherGases_US; %Average impacts based on 1 kWhr based on US average electricity inputs

%Biocatalyst Media Production CF - per kg unless noted otherwise%
CF_sodium_phosphate=[4.3190093434668E-07; 3.02852371125601; 0.190903914485327; 0.0269287055402184; 0.0267569044325054; 1.58811221323012E-06; 1.82051313352698E-06; 0.00300216827661657; 82.1065735447219; 4.11518597907653];
CF_soda_ash=[1.14560763073399E-07; 0.915860434260277; 0.0657540866516736; 0.00574146045562884; 0.00581557253106475; 4.78423046466658E-08; 3.10062053053722E-07; 0.000717119320235436; 10.9951196381107; 1.49705229347269];
CF_protein_feed=[5.43866606829806E-07; 8.07133966797801; 0.50279285575395; 0.0742289358977372; 0.110627286050933; 1.03839452201058E-06; 3.88716836623606E-06; 0.00535363643349831; 281.993708253993; 5.68873094648571];
CF_acetic_acid=[4.71387669199312E-07; 1.64122980696557; 0.101923062212878; 0.0116383441200052; 0.00634869669167557; 7.23929417368505E-08; 4.27120641159204E-07; 0.00139828802762661; 14.4235940635977; 5.84792117381634];
CF_sodium_perchlorate=[5.84419368228154E-07; 6.26359599591649; 0.376681157303626; 0.0508573714205653; 0.0384195127490225; 6.35667965035433E-07; 2.15064125539763E-06; 0.00681195946646453; 77.2344771989244; 5.23625218255901];
CF_water=[0.00000000060349647; 0.0015637074; 0.00010470136; 0.00001003255; 0.0000076837559; 0.00000000024035418; 0.00000000054864658; 0.0000016150785; 0.033379296; 0.0014032096];
CF_sodium_chloride=[3.23686279744163E-08; 0.27236289131278; 0.0217499752999383; 0.00191154209980638; 0.0018284815267581; 2.79207232777168E-08; 1.86239638518183E-07; 0.000266357425050643; 6.41226318791434; 0.281635812901623];
CF_ammonium_chloride=[2.19959026289805E-07; 1.45644048388663; 0.100070697941191; 0.00915395131088894; 0.00985072127076664; 7.43086181270156E-08; 4.859416066849E-07; 0.00116169637958868; 17.053581537237; 2.35237056225924];
CF_potassium_chloride=[8.2885875080529E-08; 0.545382167721845; 0.0364228463835233; 0.00290207040058181; 0.0020004283349492; 4.17888266124309E-08; 2.71219066695431E-07; 0.000355278501775658; 10.0072519462004; 1.10687039226062];
CF_magnesium_sulfate=[5.22304502813071E-08; 0.477655638616669; 0.04284515049692; 0.00345617631991427; 0.00259832788219472; 2.04640354205273E-08; 8.59228034608324E-08; 0.000898425525455977; 2.81790858967473; 0.475577307968551];
CF_calcium_chloride=[9.12398232606237E-08; 0.979496597528939; 0.0684452906619492; 0.00942133090009362; 0.00448115238122588; 5.90252246648403E-08; 3.855288872858E-07; 0.000908870273298284; 12.0944685006705; 0.79980153001087];
CF_EDTA=[9.80616433376147E-07; 4.18710571036931; 0.214790601587052; 0.0229350017232741; 0.0250728306794589; 2.046877139091E-07; 1.0389877282651E-06; 0.00275839835748991; 34.7707083612534; 9.45017634957412];
CF_potassium_hydroxide=[2.27517365007076E-07; 2.20680001691596; 0.124935317517442; 0.0131376270986803; 0.0107863220065051; 1.03182663401924E-07; 5.67987211513812E-07; 0.00181010475367243; 19.4384326109358; 2.50499068547334];
CF_iron_sulfate=[3.19395540100888E-08; 0.268381769063338; 0.022798100950302; 0.00195003526315515; 0.00180820876377038; 2.6722356970265E-08; 1.74856479135381E-07; 0.000281770140583305; 6.38407753126462; 0.280536058399782];
CF_cobalt=[1.23187554449665E-06; 10.3844211971476; 2.2445790192833; 0.119125471306897; 0.0480762476975499; 5.12779636237861E-07; 3.78827083182774E-06; 0.0165631853111095; 91.4153554657549; 11.8090498253656];
CF_zinc_monosulfate=[2.11306997807928E-07; 1.31488132945036; 0.0682947019251573; 0.00897686578809078; 0.00390301723861608; 6.27867169039993E-08; 7.62093147993998E-05; 0.000834402417432429; 100.612879339262; 3.21135575643052];
CF_copper_concentrate=[7.8460021670186E-08; 0.929715498781524; 0.285293809209664; 0.0155263195137089; 0.278739794170721; 2.26623798484852E-06; 6.06277675633378E-05; 0.00925380031062195; 1501.95127122773; 0.814271804602592];
CF_nickel=[1.06609278309015E-06; 12.0476869977062; 1.60712398247106; 3.03999150400905; 0.266574358046765; 2.52326544958479E-06; 5.42603612475712E-05; 0.205856477833565; 1415.64629371792; 12.0404793787011];
CF_selenium=[1.1549466354595E-06; 3.24938196149779; 0.256061787965891; 0.0755915903426876; 0.0169331873089059; 2.04188757236335E-07; 1.35259144563887E-06; 0.00614810517801175; 42.8660912292593; 5.53984633504231];
CF_molybdenum=[5.99438202681754E-06; 68.7307826299448; 31.7722303725145; 1.60513294821277; 31.2812778340488; 0.000255120399004256; 0.00687692606669456; 1.06553879925959; 169440.595961422; 62.6529441466113];
CF_molybdenum_trioxide=[3.4592158392235E-06; 39.3967380232071; 19.1312482795738; 1.00989187867359; 18.9645585415176; 0.000154629529370625; 0.00414729134200559; 0.646978886773543; 102730.414126939; 36.0875330031088;]; 

%Biocatalyst Electron Shuttle Operation - per kg unless noted otherwise%
CF_chemical_organic=[1.61543782853743E-07; 1.99271955617529; 0.0923506384010694; 0.00903350106712717; 0.00399665773494297; 7.61847632408713E-08; 2.67929693407368E-07; 0.001160064012622; 9.98056734936438; 8.16913316996561];
